v = [1 3 2 5 1 2 3 1 4 4 ];
c = [1 4 2 5 1 3 2 4 3 5];
p = [1 3 5 7 9 11];
x = [3 1 5 2 1];  
